4.66 4 6 4 
4.00 6 2 4 
3.33 7 2 1 
4.66 7 6 1 

37.00 25 56 25 21 21 21 20 40 52 63 63 
29.36 25 56 25 21 21 21 44 64 24 11 11 
24.27 5 56 5 31 23 2 44 64 24 12 1 
35.45 14 56 17 46 23 3 59 64 50 54 4 

96.85 32 15 70 107 124 145 60 73 113 69 24 143 156 153 137 91 115 107 54 149 
51.00 51 111 7 4 64 12 32 12 23 57 9 35 72 3 89 140 8 122 166 3 
50.55 51 111 2 2 64 13 32 8 23 57 18 35 72 1 89 140 4 122 166 1 
90.65 115 112 28 5 138 90 68 30 81 122 114 91 145 4 144 163 36 164 162 1 

